
Processing glueball_fit_4rBW.cxx...
 FCN=120.472 FROM MINOS     STATUS=SUCCESSFUL    255 CALLS        3649 TOTAL
                     EDM=4.98117e-07    STRATEGY= 1      ERROR MATRIX ACCURATE 
  EXT PARAMETER                                   STEP         FIRST   
  NO.   NAME      VALUE            ERROR          SIZE      DERIVATIVE 
   1  p0           3.81688e+03   2.80416e+02  -3.03742e-01  -2.61618e-07
   2  p1           1.27500e+00     fixed    
   3  p2           1.87000e-01     fixed    
   4  p3           2.37063e+03   1.69630e+02  -4.52545e-02  -5.94745e-07
   5  p4           1.31800e+00     fixed    
   6  p5           1.05000e-01     fixed    
   7  p6           7.90545e+03   1.13550e+02  -6.64539e-02  -1.65271e-06
   8  p7           1.51700e+00     fixed    
   9  p8           8.44000e-02     fixed    
  10  p9           2.53150e+03   2.54729e+02   2.12424e-03   7.44994e-07
  11  p10          1.71274e+00   3.73491e-03  -2.66214e-08  -9.35253e-03
  12  p11          1.46064e-01   1.34318e-02  -8.53076e-06  -3.28658e-02
  13  p12          7.93823e+05   4.94147e+04   1.95153e+01  -1.18433e-07
  14  p13          1.65490e-02   1.83473e-02   9.50361e-06   1.05169e-01
  15  p14          3.01707e+00   6.46305e-02   2.27790e-05   3.53110e-02
  16  p15          1.02889e+00   2.22680e-02   2.22680e-02   4.37224e-01
chi2/ndf is 2.56323

****************************************
Minimizer is Minuit / MigradImproved
Chi2                      =      120.472
NDf                       =           47
Edm                       =  4.98117e-07
NCalls                    =         3649
p0                        =      3816.88   +/-   280.416       -280.421     +280.423      (Minos) 
p1                        =        1.275                      	 (fixed)
p2                        =        0.187                      	 (fixed)
p3                        =      2370.63   +/-   169.63        -169.427     +169.645      (Minos) 
p4                        =        1.318                      	 (fixed)
p5                        =        0.105                      	 (fixed)
p6                        =      7905.45   +/-   113.55        -113.51      +113.443      (Minos) 
p7                        =        1.517                      	 (fixed)
p8                        =       0.0844                      	 (fixed)
p9                        =       2531.5   +/-   254.729       -243.318     +267.667      (Minos) 
p10                       =      1.71274   +/-   0.00373491    -0.00377377  +0.00370009   (Minos) 
p11                       =     0.146064   +/-   0.0134318     -0.0128637   +0.0140833    (Minos) 
p12                       =       793823   +/-   49414.7       -46612       +52292.3      (Minos) 
p13                       =     0.016549   +/-   0.0183473     -0.017956    +0.0186763    (Minos) 
p14                       =      3.01707   +/-   0.0646305     -0.0629376   +0.066139     (Minos) 
p15                       =      1.02889   +/-   0.022268      -0.0221941   +0.0222417    (Minos) 

Covariance Matrix:

            	          p0          p3          p6          p9         p10         p11         p12         p13         p14         p15
p0          	       78633      -12612        6505      7026.5   -0.076522     0.23864 -1.7129e+06    -0.84325     -1.7238   0.0086403
p3          	      -12612       28775      8002.5       15937    -0.10218     0.54476  4.0692e+06      1.4364      5.7647      -1.913
p6          	        6505      8002.5       12894      8107.4 -0.00074881     0.15658  2.8891e+06      1.0149      4.1431     -1.3832
p9          	      7026.5       15937      8107.4       64887    -0.29743      2.9469  4.4839e+06      1.6447      7.9284     -1.6987
p10         	   -0.076522    -0.10218 -0.00074881    -0.29743   1.395e-05 -1.6474e-05     -41.267 -1.4517e-05 -5.6757e-05  2.0126e-05
p11         	     0.23864     0.54476     0.15658      2.9469 -1.6474e-05  0.00018041      140.71  5.2178e-05  0.00027286 -4.8085e-05
p12         	 -1.7129e+06  4.0692e+06  2.8891e+06  4.4839e+06     -41.267      140.71  2.4418e+09      903.54      3146.6     -1073.9
p13         	    -0.84325      1.4364      1.0149      1.6447 -1.4517e-05  5.2178e-05      903.54  0.00033662   0.0011651 -0.00039095
p14         	     -1.7238      5.7647      4.1431      7.9284 -5.6757e-05  0.00027286      3146.6   0.0011651   0.0041771  -0.0013637
p15         	   0.0086403      -1.913     -1.3832     -1.6987  2.0126e-05 -4.8085e-05     -1073.9 -0.00039095  -0.0013637  0.00049586

Correlation Matrix:

            	          p0          p3          p6          p9         p10         p11         p12         p13         p14         p15
p0          	           1    -0.26514     0.20429    0.098369   -0.073064    0.063359    -0.12361     -0.1639   -0.095112   0.0013837
p3          	    -0.26514           1     0.41546     0.36882    -0.16128     0.23909     0.48546     0.46153     0.52581    -0.50644
p6          	     0.20429     0.41546           1      0.2803  -0.0017656     0.10266     0.51489     0.48715     0.56455    -0.54704
p9          	    0.098369     0.36882      0.2803           1    -0.31263     0.86129     0.35622     0.35192     0.48158    -0.29948
p10         	   -0.073064    -0.16128  -0.0017656    -0.31263           1    -0.32839    -0.22359    -0.21185    -0.23513     0.24199
p11         	    0.063359     0.23909     0.10266     0.86129    -0.32839           1     0.21199     0.21173     0.31432    -0.16076
p12         	    -0.12361     0.48546     0.51489     0.35622    -0.22359     0.21199           1      0.9966     0.98526    -0.97594
p13         	     -0.1639     0.46153     0.48715     0.35192    -0.21185     0.21173      0.9966           1     0.98252    -0.95691
p14         	   -0.095112     0.52581     0.56455     0.48158    -0.23513     0.31432     0.98526     0.98252           1    -0.94751
p15         	   0.0013837    -0.50644    -0.54704    -0.29948     0.24199    -0.16076    -0.97594    -0.95691    -0.94751           1
Significance of f_{2}(1270) is 73.2128
Purity of f_{2}(1270) is 2.00954
Significance of a_{2}(1320)^{0} is 47.964
Purity of a_{2}(1320)^{0} is 1.38301
Significance of f'_{2}(1525) is 231.556
Purity of f'_{2}(1525) is 9.65783
Significance of f_{0}(1710) is 68.4403
Purity of f_{0}(1710) is 2.62978
 FCN=104.344 FROM MINOS     STATUS=SUCCESSFUL    355 CALLS        8732 TOTAL
                     EDM=7.12735e-09    STRATEGY= 1      ERROR MATRIX ACCURATE 
  EXT PARAMETER                                   STEP         FIRST   
  NO.   NAME      VALUE            ERROR          SIZE      DERIVATIVE 
   1  norm1270     3.40493e+03   1.80819e+03   2.86594e+00   1.68266e-05
   2  mass1270     1.26121e+00   2.73853e-02   3.71408e-05   2.50380e-01
   3  width1270    1.87105e-01   2.72138e-02   1.11675e-02  -4.26205e-03
   4  norm1320     2.54377e+03   1.02820e+03  -4.63385e-01   2.10432e-05
   5  mass1320     1.31294e+00   2.64019e-03   1.84820e-06  -4.79198e-01
   6  width1320    9.05558e-02   2.20394e-02  -1.10980e-06  -1.42468e-01
   7  norm12525    8.10385e+03   1.75111e+02  -7.25727e-01   4.61339e-06
   8  mass1525     1.51618e+00   5.73889e-04  -1.14243e-06  -3.28675e-01
   9  width1525    8.65879e-02   2.16846e-03  -1.09195e-05  -2.36153e-01
  10  norm1710     2.51540e+03   1.92485e+02   2.05629e-01   3.92287e-06
  11  mass1710     1.71271e+00   3.98565e-03   4.02957e-06   1.42030e-01
  12  width1710    1.45475e-01   1.21306e-02   1.21306e-02   1.98104e-01
